r	tr	gr	"sl,r"	"su,r"
1	2.589583333	2.74	0.63	0.53
2	7.635416667	2.83	0.75	0.62
3	12.43784722	2.3	0.53	0.45
4	17.58090278	1.79	0.55	0.44
5	22.49236111	3.15	0.74	0.61
6	27.71215278	1.72	0.5	0.4
7	32.72326389	2.96	0.61	0.51
8	37.49722222	2.1	0.53	0.44
9	42.39236111	1.31	0.7	0.57
10	47.34791667	2.94	0.58	0.5
11	52.35416667	2.48	0.54	0.45
12	58.00555556	2.05	0.43	0.37
13	63.72569444	1.62	0.58	0.45
14	68.40381944	2.45	0.55	0.46
15	73.80972222	1.96	0.73	0.57
16	78.525	2.55	0.57	0.48
17	83.62777778	2.89	0.57	0.49
18	89.24340278	2.63	0.61	0.5
19	99.60868056	2.01	0.46	0.39
20	104.6038194	1.69	0.53	0.43
21	109.4003472	1.7	0.49	0.4
22	114.4975694	2.28	0.49	0.42
23	119.6381944	2.68	0.52	0.45
24	124.5711806	3.31	0.6	0.51
25	129.5677083	1.75	0.48	0.39
26	134.7069444	1	0.41	0.33
27	139.8569444	2.39	0.5	0.42
28	144.928125	2.55	0.52	0.44
29	149.6545139	2.28	0.54	0.45
30	154.9090278	2.73	0.46	0.39
31	160.80625	2.62	0.45	0.39
32	165.9048611	1.98	0.55	0.44
33	170.6944444	2.55	0.52	0.44
34	175.9072917	1.69	0.46	0.37
35	180.6684028	1.35	0.45	0.36
36	185.7260417	2.02	0.47	0.39
37	190.85	1.87	0.49	0.4
38	195.9284722	2.35	0.58	0.48
39	201.1347222	2.43	0.58	0.49
40	205.8618056	2.52	0.51	0.43
41	211.1024306	2.09	0.44	0.36
42	216.7114583	2.27	0.47	0.4
43	221.9097222	3.12	0.54	0.47
44	226.634375	2.12	0.58	0.47
45	231.5458333	1.95	0.54	0.45
46	236.9486111	2.53	0.53	0.45
47	242.2704861	2.33	0.46	0.4
48	247.6951389	2.85	0.5	0.43
49	252.8569444	2.4	0.47	0.4
50	257.7177083	2.45	0.55	0.46
51	262.5597222	2.15	0.55	0.46
52	267.5493056	2.27	0.53	0.45
53	271.8635417	1.78	0.49	0.4
54	275.9583333	2.19	0.5	0.42
55	280.8875	2.7	0.61	0.5
56	285.9895833	2.37	0.45	0.38
57	290.834375	2.51	0.56	0.47
58	295.5392361	2.03	0.49	0.41
59	301.1847222	2.03	0.43	0.36
60	307.0246528	2.63	0.52	0.45
61	311.6538194	1.65	0.47	0.38
62	316.5121528	2.61	0.52	0.45
63	321.5388889	2.21	0.57	0.48
64	326.4659722	3.2	0.83	0.67
65	331.3447917	2.26	0.68	0.54
66	336.6479167	2.59	0.5	0.43
67	341.7131944	1.69	0.48	0.39
68	346.5927083	2.86	0.51	0.44
69	351.5166667	2.05	0.5	0.41
70	356.5166667	2.14	0.55	0.45
71	362.1239583	2.25	0.53	0.43
72	367.5340278	1.82	0.92	0.63
73	372.4871528	2.69	0.53	0.46
74	377.49375	1.69	0.47	0.39
75	382.6847222	2.72	0.51	0.44
76	387.7315972	2.54	0.5	0.44
77	392.5267361	2.89	0.61	0.52
78	397.3909722	1.84	0.48	0.41
79	402.5052083	2.07	0.46	0.4
80	407.6836806	1.34	0.41	0.35
81	412.7951389	3.11	0.51	0.45
82	417.6819444	1.94	0.57	0.48
83	422.9361111	2.83	0.51	0.44
84	428.3461806	2.28	0.45	0.38
85	433.4409722	2.34	0.46	0.4
86	438.559375	2.43	0.56	0.48
87	443.7472222	1.79	0.42	0.36
88	449.0364583	2.25	0.46	0.41
89	454.5034722	2.68	0.44	0.39
90	459.909375	1.34	0.47	0.4
91	464.7354167	2.11	0.6	0.49
92	469.8673611	2.12	0.61	0.51
93	489.5524306	2.71	0.89	0.7
94	494.9364583	2.25	0.71	0.55
95	500.0635417	2.01	0.53	0.44
96	505.04375	2.06	0.7	0.56
97	510.0645833	4.26	0.98	0.81
98	514.9913194	2.54	0.46	0.4
99	520.4128472	1.74	0.39	0.33
100	525.9989583	1.5	0.38	0.32
101	531.0381944	2.66	0.5	0.43
102	536.0079861	2.91	0.54	0.46
103	540.7361111	3.06	0.6	0.52
104	545.3864583	2.23	0.51	0.43
105	550.6111111	3.02	0.6	0.52
106	555.7736111	2.3	0.47	0.41
107	560.6670139	2.31	0.44	0.38
108	565.6961806	2.3	0.47	0.4
109	570.925	2.65	0.46	0.4
110	576.5913194	2.46	0.41	0.36
111	581.9652778	2.13	0.55	0.46
112	587.065625	2.72	0.51	0.44
113	592.3121528	2.16	0.55	0.48
114	597.0149306	2.6	0.54	0.46
115	601.8798611	2.37	0.44	0.39
116	607.4284722	2.2	0.4	0.35
117	612.6048611	1.6	0.43	0.36
118	617.5246528	1.63	0.41	0.34
119	622.6340278	2.57	0.47	0.41
120	627.6583333	2.22	0.45	0.39
121	632.8725694	2.66	0.48	0.42
122	637.0354167	1.8	0.53	0.43
123	640.9017361	1.75	0.46	0.39
124	645.703125	2.39	0.48	0.42
125	650.5788194	2.14	0.45	0.39
126	655.4743056	2.85	0.62	0.52
127	660.7833333	2.32	0.4	0.35
128	666.5989583	2.24	0.39	0.35
129	671.9239583	2.2	0.43	0.38
130	677.0704861	1.61	0.38	0.32
131	682.271875	2.84	0.52	0.45
132	687.01875	1.68	0.44	0.37
133	691.7923611	3.51	0.51	0.45
134	696.7697917	2.82	0.46	0.4
135	701.8298611	2.64	0.44	0.39
136	706.7347222	2.22	0.46	0.39
137	711.6517361	1.93	0.46	0.39
138	716.9864583	1.85	0.44	0.37
139	721.7743056	2.17	0.45	0.39
140	727.3611111	2.58	0.42	0.37
141	732.665625	2.58	0.5	0.44
142	737.4923611	2.65	0.45	0.4
143	742.4947917	2.09	0.44	0.37
144	747.5743056	2.76	0.45	0.39
145	752.7534722	2.19	0.45	0.39
146	757.7479167	2.37	0.51	0.43
147	762.7840278	1.58	0.39	0.33
148	768.2659722	3.01	0.55	0.47
149	772.796875	1.65	0.48	0.41
150	777.5940972	2.23	0.42	0.37
151	782.5979167	2.62	0.47	0.41
152	788.2170139	1.88	0.34	0.3
153	793.8086806	1.5	0.4	0.33
154	798.6965278	2.39	0.42	0.37
155	803.9847222	1.8	0.42	0.36
156	808.9777778	3.06	0.48	0.43
157	814.0347222	2.02	0.4	0.34
158	819.43125	3.65	0.53	0.47
159	824.7302083	2.71	0.45	0.39
160	829.8690972	2.83	0.47	0.41
161	834.9114583	1.92	0.41	0.35
162	839.9125	3.16	0.47	0.42
163	844.6329861	2.13	0.45	0.39
164	849.4270833	1.96	0.4	0.35
165	854.4600694	2.2	0.51	0.43
166	859.6774306	2.22	0.4	0.35
167	864.65625	2.97	0.5	0.44
168	869.7621528	2.31	0.38	0.34
169	875.0059028	1.78	0.46	0.38
170	879.740625	2.17	0.42	0.36
171	885.1784722	2.42	0.41	0.36
172	890.8322917	3.35	0.82	0.69
173	896.2635417	2.84	0.67	0.56
174	901.1777778	3.04	0.58	0.51
175	905.8822917	2.73	1.19	0.9
176	910.7868056	2.37	0.77	0.61
177	915.9736111	2.94	0.62	0.53
178	921.0368056	2.96	0.49	0.43
179	925.5940972	2.39	0.56	0.46
180	930.4475694	2.41	0.69	0.57
181	935.4777778	3.36	0.6	0.52
182	941.1569444	2.31	0.42	0.37
183	946.8284722	2.48	0.49	0.42
184	952.2534722	3.16	0.63	0.54
185	957.05625	3.21	0.63	0.54
186	961.6402778	2.37	0.48	0.41
187	966.5854167	2.56	0.48	0.42
188	972.4614583	2.81	0.42	0.38
189	977.8013889	3.6	0.51	0.45
190	982.603125	2.27	0.49	0.42
191	987.66875	2.33	0.47	0.41
192	992.3256944	3.09	0.53	0.46
193	997.7163194	2.26	0.44	0.39
194	1001.794444	2.8	0.72	0.58
195	1005.462847	2.98	0.47	0.41
196	1010.428125	2.4	0.49	0.42
197	1015.347917	2.64	0.45	0.39
198	1020.517361	1.79	0.4	0.34
199	1025.970833	1.97	0.44	0.38
200	1031.629861	2.4	0.48	0.41
201	1037.021875	1.73	0.51	0.42
202	1041.489931	2.7	0.55	0.47
203	1046.595139	2.74	0.5	0.44
204	1061.810417	1.9	0.66	0.54
205	1066.942361	2.66	0.49	0.42
206	1071.614931	2.36	0.46	0.39
207	1076.883333	3.09	0.53	0.46
208	1082.129514	2.2	0.55	0.46
209	1086.915972	1.62	0.39	0.33
210	1092.181944	2.46	0.46	0.4
211	1097.423958	2.42	0.45	0.39
212	1102.719097	2.4	0.41	0.36
213	1107.795833	1.34	0.41	0.34
214	1112.45625	2.19	0.5	0.42
215	1117.691319	2.24	0.43	0.37
216	1122.746528	2.63	0.47	0.41
217	1127.779514	2.39	0.43	0.38
218	1132.847917	2.11	0.47	0.4
219	1137.634375	1.32	0.62	0.51
220	1142.594792	2.19	0.76	0.6
221	1147.758681	1.9	0.51	0.42
222	1153.308333	1.87	0.48	0.4
223	1158.573958	2.4	0.48	0.41
224	1163.893403	1.54	0.42	0.36
225	1168.763889	3.24	0.51	0.45
226	1173.795486	2.59	0.45	0.4
227	1178.968056	1.86	0.43	0.38
228	1184.357639	2.78	0.47	0.41
229	1189.873264	2.13	0.43	0.37
230	1194.904861	1.74	0.42	0.35
231	1199.6375	2.62	0.49	0.43
232	1204.811111	2.64	0.44	0.39
233	1209.934722	1.77	0.47	0.4
234	1214.921528	2.54	0.4	0.35
235	1219.938194	2.97	0.5	0.44
236	1224.926042	1.47	0.42	0.35
237	1229.743403	2.38	0.47	0.41
238	1235.119097	2.16	0.44	0.38
239	1240.259028	2.1	0.72	0.6
240	1245.019792	1.61	0.6	0.5
241	1250.205903	2.68	0.41	0.36
242	1255.799653	2.3	0.43	0.38
243	1260.872569	1.91	0.46	0.4
244	1265.755903	2.05	0.44	0.38
245	1270.691319	2.06	0.42	0.36
246	1275.764583	2.75	0.47	0.42
247	1281.175	2.57	0.58	0.5
248	1285.872917	2.07	0.48	0.42
249	1290.78125	1.97	0.41	0.35
250	1295.807292	2.25	0.49	0.42
251	1300.735764	2.34	0.54	0.47
252	1306.439931	2.23	0.38	0.34
253	1311.761806	2.69	0.5	0.44
254	1316.383333	3.01	0.46	0.41
255	1321.729514	2.33	0.4	0.36
256	1326.986111	2.39	0.45	0.39
257	1331.851042	2.36	0.45	0.4
258	1337.078819	1.76	0.43	0.37
259	1342.667361	2.57	0.41	0.36
260	1347.814583	2.89	0.48	0.42
261	1352.690625	2.32	0.45	0.39
262	1357.734722	3.09	0.46	0.4
263	1362.833333	2.38	0.43	0.37
264	1366.639236	2.88	0.69	0.58
265	1371.052778	1.97	0.37	0.32
266	1376.709375	2.65	0.46	0.41
267	1381.538889	3.2	0.5	0.44
268	1386.400347	2.29	0.46	0.4
269	1391.637847	2.34	0.44	0.38
270	1397.386806	2.05	0.42	0.37
271	1403.053125	1.75	0.45	0.38
272	1407.938542	1.99	0.45	0.39
273	1412.824306	1.32	0.55	0.42
274	1417.690972	2.1	0.48	0.4
275	1422.614931	1.97	0.54	0.45
276	1427.676389	1.9	0.41	0.36
277	1432.857639	2.14	0.46	0.39
278	1437.887847	2.07	0.45	0.38
279	1442.821528	2.15	0.43	0.37
280	1447.989583	2.07	0.41	0.35
281	1452.959722	2.66	0.49	0.43
282	1459.433681	1.74	0.33	0.29
283	1467.902778	2.17	0.57	0.47
284	1474.742361	2.72	0.53	0.45
285	1479.091319	1.72	0.44	0.38
286	1484.822569	2.38	0.41	0.36
287	1490.003472	3.01	0.71	0.59
288	1494.354861	2.19	0.55	0.47
289	1500.291319	1.89	0.34	0.3
290	1506.407639	2.46	0.52	0.44
291	1512.290625	2.17	0.36	0.32
292	1519.135069	2.88	0.46	0.41
293	1525.305903	2.13	0.39	0.34
294	1530.504167	1.13	0.48	0.38
295	1536.917014	2.13	0.34	0.3
296	1542.860764	2.44	0.67	0.56
297	1545.746181	1.82	0.66	0.55
298	1551.650347	2.33	0.34	0.31
299	1557.877083	2.77	0.55	0.48
300	1562.005208	2.13	0.48	0.41
301	1566.863542	1.88	0.45	0.38
302	1571.145139	2.9	0.57	0.5
303	1575.579167	2.42	0.46	0.4
304	1582.105903	2.61	0.36	0.33
305	1587.675347	2.22	0.57	0.46
306	1593.670486	2.04	0.33	0.3
307	1599.677778	2.08	0.52	0.43
308	1602.219444	4.23	1.05	0.89
309	1606.046875	2.04	0.4	0.35
310	1611.676736	2.58	0.52	0.45
311	1617.168056	2.43	0.43	0.37
312	1622.651042	2.27	0.46	0.39
313	1627.913194	2.25	0.44	0.38
314	1633.092014	2.58	0.58	0.49
315	1638.415278	2.54	0.42	0.37
316	1642.723611	2.47	0.68	0.56
317	1647.212847	3.01	0.55	0.47
318	1652.094444	1.17	0.42	0.34
319	1658.721875	2.46	0.35	0.32
320	1664.153819	1.87	1.21	0.87
321	1668.185764	2.89	0.43	0.38
322	1675.901736	2.56	0.35	0.31
323	1680.986111	1.7	0.83	0.61
324	1684.129861	2.71	0.59	0.51
325	1688.961806	1.25	0.4	0.34
326	1694.183681	3.55	0.49	0.43
327	1699.6375	2.65	0.44	0.39
328	1704.139931	2.75	0.54	0.46
329	1708.829514	2.74	0.44	0.4
330	1714.389236	2.21	0.4	0.35
331	1719.926389	2.74	0.5	0.44
332	1724.325694	3.45	0.66	0.56
333	1729.032986	1.62	0.42	0.36
334	1734.304167	2.07	0.6	0.48
335	1738.167361	2.29	0.48	0.41
336	1742.085069	3.39	0.58	0.5
337	1750.605208	2.44	0.29	0.27
338	1760.360417	2.75	0.41	0.37
339	1765.705903	2.18	0.47	0.41
340	1771.027431	1.67	0.36	0.31
341	1777.78125	3.2	0.52	0.46
342	1782.942361	2.08	0.41	0.36
343	1789.466667	2.7	0.4	0.36
344	1794.426389	2.05	1.1	0.78
345	1797.988542	3.23	0.67	0.57
346	1803.097222	2.46	0.67	0.56
347	1808.375694	2.62	0.48	0.42
348	1813.562847	3.49	0.52	0.46
349	1819.4625	2.95	0.41	0.37
350	1826.854514	2.4	0.35	0.32
351	1831.400347	2.69	0.9	0.7
352	1834.520139	2.8	0.47	0.41
353	1839.155208	1.84	0.43	0.37
354	1843.951389	2.77	0.43	0.38
355	1849.511806	1.6	0.38	0.33
356	1854.585417	1.21	0.43	0.36
357	1861.473611	2.44	0.31	0.28
358	1868.754167	2.63	0.51	0.45
